xof 0303txt 0032
template Frame {
 <3d82ab46-62da-11cf-ab39-0020af71e433>
 [...]
}

template Matrix4x4 {
 <f6f23f45-7686-11cf-8f52-0040333594a3>
 array FLOAT matrix[16];
}

template FrameTransformMatrix {
 <f6f23f41-7686-11cf-8f52-0040333594a3>
 Matrix4x4 frameMatrix;
}

template ObjectMatrixComment {
 <95a48e28-7ef4-4419-a16a-ba9dbdf0d2bc>
 Matrix4x4 objectMatrix;
}

template Vector {
 <3d82ab5e-62da-11cf-ab39-0020af71e433>
 FLOAT x;
 FLOAT y;
 FLOAT z;
}

template MeshFace {
 <3d82ab5f-62da-11cf-ab39-0020af71e433>
 DWORD nFaceVertexIndices;
 array DWORD faceVertexIndices[nFaceVertexIndices];
}

template Mesh {
 <3d82ab44-62da-11cf-ab39-0020af71e433>
 DWORD nVertices;
 array Vector vertices[nVertices];
 DWORD nFaces;
 array MeshFace faces[nFaces];
 [...]
}

template MeshNormals {
 <f6f23f43-7686-11cf-8f52-0040333594a3>
 DWORD nNormals;
 array Vector normals[nNormals];
 DWORD nFaceNormals;
 array MeshFace faceNormals[nFaceNormals];
}

template Coords2d {
 <f6f23f44-7686-11cf-8f52-0040333594a3>
 FLOAT u;
 FLOAT v;
}

template MeshTextureCoords {
 <f6f23f40-7686-11cf-8f52-0040333594a3>
 DWORD nTextureCoords;
 array Coords2d textureCoords[nTextureCoords];
}

template ColorRGBA {
 <35ff44e0-6c7c-11cf-8f52-0040333594a3>
 FLOAT red;
 FLOAT green;
 FLOAT blue;
 FLOAT alpha;
}

template ColorRGB {
 <d3e16e81-7835-11cf-8f52-0040333594a3>
 FLOAT red;
 FLOAT green;
 FLOAT blue;
}

template Material {
 <3d82ab4d-62da-11cf-ab39-0020af71e433>
 ColorRGBA faceColor;
 FLOAT power;
 ColorRGB specularColor;
 ColorRGB emissiveColor;
 [...]
}

template MeshMaterialList {
 <f6f23f42-7686-11cf-8f52-0040333594a3>
 DWORD nMaterials;
 DWORD nFaceIndexes;
 array DWORD faceIndexes[nFaceIndexes];
 [Material <3d82ab4d-62da-11cf-ab39-0020af71e433>]
}

template TextureFilename {
 <a42790e1-7810-11cf-8f52-0040333594a3>
 STRING filename;
}

template XSkinMeshHeader {
 <3cf169ce-ff7c-44ab-93c0-f78f62d172e2>
 WORD nMaxSkinWeightsPerVertex;
 WORD nMaxSkinWeightsPerFace;
 WORD nBones;
}

template SkinWeights {
 <6f0d123b-bad2-4167-a0d0-80224f25fabb>
 STRING transformNodeName;
 DWORD nWeights;
 array DWORD vertexIndices[nWeights];
 array FLOAT weights[nWeights];
 Matrix4x4 matrixOffset;
}

template AnimTicksPerSecond {
 <9e415a43-7ba6-4a73-8743-b73d47e88476>
 DWORD AnimTicksPerSecond;
}

template Animation {
 <3d82ab4f-62da-11cf-ab39-0020af71e433>
 [...]
}

template AnimationSet {
 <3d82ab50-62da-11cf-ab39-0020af71e433>
 [Animation <3d82ab4f-62da-11cf-ab39-0020af71e433>]
}

template FloatKeys {
 <10dd46a9-775b-11cf-8f52-0040333594a3>
 DWORD nValues;
 array FLOAT values[nValues];
}

template TimedFloatKeys {
 <f406b180-7b3b-11cf-8f52-0040333594a3>
 DWORD time;
 FloatKeys tfkeys;
}

template AnimationKey {
 <10dd46a8-775b-11cf-8f52-0040333594a3>
 DWORD keyType;
 DWORD nKeys;
 array TimedFloatKeys keys[nKeys];
}


Frame Character1_Reference {
 

 FrameTransformMatrix relative {
  -0.068740,0.000000,0.000000,0.000000,0.000000,0.068737,0.000000,0.000000,0.000000,0.000000,0.068737,0.000000,0.000000,0.000000,0.000000,1.000000;;
 }

 ObjectMatrixComment object {
  1.000000,0.000000,0.000000,0.000000,0.000000,1.000000,0.000000,0.000000,0.000000,0.000000,1.000000,0.000000,0.000000,0.000000,0.000000,1.000000;;
 }

 Frame center {
  

  FrameTransformMatrix relative {
   -0.578865,-0.231927,-0.781745,0.000000,0.205341,0.886342,-0.415009,0.000000,0.789146,-0.400758,-0.465448,0.000000,0.564883,29.875082,-9.399741,1.000000;;
  }

  ObjectMatrixComment object {
   1.000000,0.000000,-0.000000,0.000000,0.000000,1.000000,-0.000000,0.000000,0.000000,-0.000000,1.000000,0.000000,-0.000000,0.000002,0.000000,1.000000;;
  }

  Frame Character1_Spine {
   

   FrameTransformMatrix relative {
    1.000000,0.000000,-0.000000,0.000000,0.000000,1.000000,-0.000000,0.000000,0.000000,-0.000000,1.000000,0.000000,-0.000000,0.075241,0.013465,1.000000;;
   }

   ObjectMatrixComment object {
    1.000000,0.000000,-0.000000,0.000000,0.000000,1.000000,-0.000000,0.000000,0.000000,-0.000000,1.000000,0.000000,-0.000001,0.000000,0.000000,1.000000;;
   }

   Frame Character1_Spine1 {
    

    FrameTransformMatrix relative {
     1.000000,0.000000,-0.000000,0.000000,0.000000,1.000000,-0.000000,0.000000,0.000000,-0.000000,1.000000,0.000000,-0.000000,4.283533,-0.000000,1.000000;;
    }

    ObjectMatrixComment object {
     1.000000,0.000000,-0.000000,0.000000,0.000000,1.000000,-0.000000,0.000000,0.000000,-0.000000,1.000000,0.000000,0.000002,0.000000,-0.000001,1.000000;;
    }

    Frame Character1_Spine2 {
     

     FrameTransformMatrix relative {
      1.000000,0.000000,-0.000000,0.000000,0.000000,1.000000,-0.000000,0.000000,0.000000,-0.000000,1.000000,0.000000,0.000002,4.127560,-0.015314,1.000000;;
     }

     ObjectMatrixComment object {
      1.000000,0.000000,-0.000000,0.000000,0.000000,1.000000,-0.000000,0.000000,0.000000,-0.000000,1.000000,0.000000,-0.000001,-0.000004,0.000000,1.000000;;
     }

     Frame Character1_RightShoulder {
      

      FrameTransformMatrix relative {
       0.956371,0.291178,0.023862,0.000000,-0.291178,0.956662,-0.003552,0.000000,-0.023862,-0.003551,0.999709,0.000000,-2.673148,10.265476,-4.695332,1.000000;;
      }

      ObjectMatrixComment object {
       1.000000,0.000000,0.000000,0.000000,-0.000000,1.000000,0.000000,0.000000,0.000000,0.000000,1.000000,0.000000,-0.000001,0.000004,0.000000,1.000000;;
      }

      Frame Character1_RightArm {
       

       FrameTransformMatrix relative {
        0.978172,0.015117,0.207246,0.000000,-0.062362,0.972734,0.223384,0.000000,-0.198219,-0.231432,0.952444,0.000000,-4.694746,0.366844,0.030061,1.000000;;
       }

       ObjectMatrixComment object {
        1.000000,0.000000,0.000000,0.000000,0.000000,1.000000,0.000000,0.000000,0.000000,-0.000000,1.000000,0.000000,0.000001,-0.000004,0.000000,1.000000;;
       }

       Frame Character1_RightForeArm {
        

        FrameTransformMatrix relative {
         0.997462,-0.053081,-0.047466,0.000000,0.046878,0.991249,-0.123397,0.000000,0.053601,0.120859,0.991222,0.000000,-11.878654,-0.000050,0.000000,1.000000;;
        }

        ObjectMatrixComment object {
         1.000000,0.000000,0.000000,0.000000,0.000000,1.000000,0.000000,0.000000,0.000000,0.000000,1.000000,0.000000,0.000000,-0.000004,0.000000,1.000000;;
        }

        Frame Character1_RightHand {
         

         FrameTransformMatrix relative {
          0.669041,-0.683698,0.291446,0.000000,0.743098,0.608109,-0.279301,0.000000,0.013726,0.403437,0.914904,0.000000,-11.270626,-0.000084,0.000006,1.000000;;
         }

         ObjectMatrixComment object {
          1.000000,0.000000,0.000000,0.000000,-0.000000,1.000000,-0.000000,0.000000,0.000000,0.000000,1.000000,0.000000,0.000000,0.000002,0.000000,1.000000;;
         }

         Frame Character1_RightHandThumb1 {
          

          FrameTransformMatrix relative {
           0.607576,-0.166953,-0.776517,0.000000,0.792917,0.184350,0.580773,0.000000,0.046189,-0.968578,0.244386,0.000000,-1.643684,-1.747288,1.568383,1.000000;;
          }

          ObjectMatrixComment object {
           1.000000,-0.000000,-0.000000,0.000000,-0.000000,1.000000,0.000000,0.000000,-0.000000,0.000000,1.000000,0.000000,-0.000004,0.000000,-0.000002,1.000000;;
          }

          Frame Character1_RightHandThumb2 {
           

           FrameTransformMatrix relative {
            0.964297,0.144047,-0.222220,0.000000,-0.147291,0.989091,0.001998,0.000000,0.220084,0.030804,0.974994,0.000000,-1.750160,-0.000050,-0.000013,1.000000;;
           }

           ObjectMatrixComment object {
            1.000000,0.000000,0.000000,0.000000,0.000000,1.000000,0.000000,0.000000,0.000000,0.000000,1.000000,0.000000,0.000004,0.000000,-0.000006,1.000000;;
           }

           Frame Character1_RightHandThumb3 {
            

            FrameTransformMatrix relative {
             0.999273,0.038115,-0.000213,0.000000,-0.038106,0.998889,-0.027731,0.000000,-0.000844,0.027719,0.999615,0.000000,-1.031609,-0.000011,-0.000057,1.000000;;
            }

            ObjectMatrixComment object {
             1.000000,0.000000,-0.000000,0.000000,0.000000,1.000000,0.000000,0.000000,0.000000,-0.000000,1.000000,0.000000,0.000000,-0.000002,0.000000,1.000000;;
            }

            Frame Character1_RightHandThumb4 {
             

             FrameTransformMatrix relative {
              1.000000,0.000000,0.000000,0.000000,-0.000000,1.000000,0.000001,0.000000,-0.000000,-0.000001,1.000000,0.000000,-1.242897,0.000017,0.000065,1.000000;;
             }

             ObjectMatrixComment object {
              1.000000,0.000000,-0.000000,0.000000,0.000000,1.000000,0.000000,0.000000,0.000000,0.000000,1.000000,0.000000,0.000000,0.000002,0.000000,1.000000;;
             }
            }
           }
          }
         }

         Frame Character1_RightHandIndex1 {
          

          FrameTransformMatrix relative {
           0.980302,0.188415,-0.059234,0.000000,-0.187370,0.982025,0.022781,0.000000,0.062462,-0.011234,0.997984,0.000000,-4.697762,0.259846,2.218207,1.000000;;
          }

          ObjectMatrixComment object {
           1.000000,0.000000,0.000000,0.000000,0.000000,1.000000,0.000000,0.000000,-0.000000,0.000000,1.000000,0.000000,0.000000,0.000004,-0.000001,1.000000;;
          }

          Frame Character1_RightHandIndex2 {
           

           FrameTransformMatrix relative {
            0.996481,-0.082599,-0.014263,0.000000,0.082760,0.996507,0.011123,0.000000,0.013294,-0.012265,0.999836,0.000000,-1.422733,-0.000015,-0.000007,1.000000;;
           }

           ObjectMatrixComment object {
            1.000000,0.000000,0.000000,0.000000,0.000000,1.000000,0.000000,0.000000,0.000000,0.000000,1.000000,0.000000,-0.000004,0.000006,-0.000000,1.000000;;
           }

           Frame Character1_RightHandIndex3 {
            

            FrameTransformMatrix relative {
             1.000000,0.000000,-0.000000,0.000000,-0.000000,1.000000,0.000000,0.000000,0.000000,0.000000,1.000000,0.000000,-1.073608,-0.000011,0.000010,1.000000;;
            }

            ObjectMatrixComment object {
             1.000000,0.000000,0.000000,0.000000,-0.000000,1.000000,0.000000,0.000000,-0.000000,0.000000,1.000000,0.000000,0.000000,0.000002,-0.000003,1.000000;;
            }
           }
          }
         }

         Frame Character1_RightHandMiddle1 {
          

          FrameTransformMatrix relative {
           0.983650,0.175064,-0.042265,0.000000,-0.174585,0.984531,0.014796,0.000000,0.044201,-0.007175,0.998997,0.000000,-5.140942,0.610697,0.634634,1.000000;;
          }

          ObjectMatrixComment object {
           1.000000,-0.000000,0.000000,0.000000,0.000000,1.000000,0.000000,0.000000,0.000000,-0.000000,1.000000,0.000000,0.000004,0.000002,-0.000002,1.000000;;
          }

          Frame Character1_RightHandMiddle2 {
           

           FrameTransformMatrix relative {
            0.999192,-0.034474,0.020678,0.000000,0.034633,0.999373,-0.007393,0.000000,-0.020410,0.008103,0.999759,0.000000,-1.678070,0.000011,0.000002,1.000000;;
           }

           ObjectMatrixComment object {
            1.000000,0.000000,-0.000000,0.000000,0.000000,1.000000,-0.000000,0.000000,0.000000,0.000000,1.000000,0.000000,0.000000,0.000002,0.000003,1.000000;;
           }

           Frame Character1_RightHandMiddle3 {
            

            FrameTransformMatrix relative {
             1.000000,-0.000002,-0.000000,0.000000,0.000002,1.000000,0.000000,0.000000,0.000000,-0.000000,1.000000,0.000000,-1.280769,-0.000092,-0.000003,1.000000;;
            }

            ObjectMatrixComment object {
             1.000000,0.000000,0.000000,0.000000,0.000000,1.000000,0.000000,0.000000,0.000000,0.000000,1.000000,0.000000,0.000000,0.000000,-0.000002,1.000000;;
            }
           }
          }
         }

         Frame Character1_RightHandRing1 {
          

          FrameTransformMatrix relative {
           0.997535,0.069548,0.009305,0.000000,-0.069498,0.997567,-0.005612,0.000000,-0.009673,0.004951,0.999941,0.000000,-4.934021,0.412552,-0.888916,1.000000;;
          }

          ObjectMatrixComment object {
           1.000000,0.000000,0.000000,0.000000,0.000000,1.000000,-0.000000,0.000000,0.000000,0.000000,1.000000,0.000000,0.000008,0.000002,0.000001,1.000000;;
          }

          Frame Character1_RightHandRing2 {
           

           FrameTransformMatrix relative {
            0.999132,0.034548,0.023285,0.000000,-0.034310,0.999356,-0.010551,0.000000,-0.023635,0.009743,0.999673,0.000000,-1.306175,0.000010,0.000001,1.000000;;
           }

           ObjectMatrixComment object {
            1.000000,0.000000,0.000000,0.000000,0.000000,1.000000,0.000000,0.000000,0.000000,0.000000,1.000000,0.000000,-0.000004,-0.000002,-0.000001,1.000000;;
           }

           Frame Character1_RightHandRing3 {
            

            FrameTransformMatrix relative {
             1.000000,0.000000,0.000000,0.000000,-0.000000,1.000000,0.000000,0.000000,0.000000,-0.000000,1.000000,0.000000,-1.000046,-0.000032,0.000000,1.000000;;
            }

            ObjectMatrixComment object {
             1.000000,0.000000,0.000000,0.000000,0.000000,1.000000,-0.000000,0.000000,0.000000,0.000000,1.000000,0.000000,-0.000008,0.000002,0.000003,1.000000;;
            }
           }
          }
         }

         Frame Character1_RightHandPinky1 {
          

          FrameTransformMatrix relative {
           0.952813,0.295319,-0.070242,0.000000,-0.293928,0.955369,0.029603,0.000000,0.075850,-0.007560,0.997091,0.000000,-4.635399,0.095024,-2.260200,1.000000;;
          }

          ObjectMatrixComment object {
           1.000000,0.000000,0.000000,0.000000,0.000000,1.000000,0.000000,0.000000,0.000000,0.000000,1.000000,0.000000,0.000000,0.000000,-0.000001,1.000000;;
          }

          Frame Character1_RightHandPinky2 {
           

           FrameTransformMatrix relative {
            0.999057,0.042389,0.009384,0.000000,-0.042311,0.999069,-0.008412,0.000000,-0.009732,0.008007,0.999921,0.000000,-0.959961,0.000114,-0.000009,1.000000;;
           }

           ObjectMatrixComment object {
            1.000000,-0.000000,0.000000,0.000000,-0.000000,1.000000,0.000000,0.000000,0.000000,-0.000000,1.000000,0.000000,0.000000,0.000004,-0.000002,1.000000;;
           }

           Frame Character1_RightHandPinky3 {
            

            FrameTransformMatrix relative {
             1.000000,0.000000,-0.000000,0.000000,-0.000001,1.000000,-0.000000,0.000000,0.000000,0.000000,1.000000,0.000000,-0.759220,-0.000027,-0.000014,1.000000;;
            }

            ObjectMatrixComment object {
             1.000000,0.000000,0.000000,0.000000,-0.000000,1.000000,0.000000,0.000000,0.000000,0.000000,1.000000,0.000000,-0.000004,-0.000004,0.000000,1.000000;;
            }
           }
          }
         }
        }

        Frame J_R_Elbow {
         

         FrameTransformMatrix relative {
          0.999354,0.001664,0.035888,0.000000,-0.001196,0.999915,-0.013046,0.000000,-0.035907,0.012994,0.999271,0.000000,0.022070,-0.007984,-0.468903,1.000000;;
         }

         ObjectMatrixComment object {
          1.000000,0.000000,0.000000,0.000000,0.000000,1.000000,-0.000000,0.000000,0.000000,0.000000,1.000000,0.000000,-0.000001,0.000004,0.000002,1.000000;;
         }
        }

        Frame J_R_ForeArm_00_tw {
         

         FrameTransformMatrix relative {
          1.000000,-0.000782,0.000053,0.000000,0.000783,0.999689,-0.024933,0.000000,-0.000033,0.024933,0.999689,0.000000,-10.890925,-0.038052,-0.009293,1.000000;;
         }

         ObjectMatrixComment object {
          1.000000,0.000000,0.000000,0.000000,0.000000,1.000000,-0.000000,0.000000,-0.000000,-0.000000,1.000000,0.000000,0.000000,0.000000,0.000000,1.000000;;
         }
        }

        Frame J_R_Sode_A00 {
         

         FrameTransformMatrix relative {
          0.981648,-0.016377,-0.189997,0.000000,0.013509,0.999775,-0.016380,0.000000,0.190222,0.013513,0.981648,0.000000,-1.625397,-0.456379,4.258907,1.000000;;
         }

         ObjectMatrixComment object {
          1.000000,-0.000000,0.000000,0.000000,0.000000,1.000000,-0.000000,0.000000,0.000000,0.000000,1.000000,0.000000,0.000001,0.000000,-0.000001,1.000000;;
         }

         Frame J_R_Sode_A01 {
          

          FrameTransformMatrix relative {
           1.000000,0.000009,-0.000000,0.000000,-0.000009,1.000000,0.000048,0.000000,0.000000,-0.000048,1.000000,0.000000,-10.319790,-0.000271,-0.000020,1.000000;;
          }

          ObjectMatrixComment object {
           1.000000,0.000000,0.000000,0.000000,-0.000000,1.000000,0.000000,0.000000,0.000000,-0.000000,1.000000,0.000000,-0.000002,0.000004,0.000002,1.000000;;
          }
         }
        }

        Frame J_R_Sode_D00 {
         

         FrameTransformMatrix relative {
          0.977195,0.208060,0.042446,0.000000,-0.207078,0.977968,-0.026389,0.000000,-0.047001,0.016998,0.998750,0.000000,-1.545737,-3.743229,-0.009041,1.000000;;
         }

         ObjectMatrixComment object {
          1.000000,0.000000,0.000000,0.000000,-0.000000,1.000000,0.000000,0.000000,0.000000,0.000000,1.000000,0.000000,-0.000000,-0.000004,0.000000,1.000000;;
         }

         Frame J_R_Sode_D01 {
          

          FrameTransformMatrix relative {
           1.000000,-0.000002,0.000011,0.000000,0.000002,1.000000,0.000047,0.000000,-0.000010,-0.000047,1.000000,0.000000,-10.183470,0.000122,-0.000294,1.000000;;
          }

          ObjectMatrixComment object {
           1.000000,-0.000000,0.000000,0.000000,0.000000,1.000000,0.000000,0.000000,0.000000,0.000000,1.000000,0.000000,0.000002,0.000004,0.000002,1.000000;;
          }
         }
        }

        Frame J_R_Sode_C00 {
         

         FrameTransformMatrix relative {
          0.979707,-0.009959,0.200185,0.000000,0.013510,0.999775,-0.016380,0.000000,-0.199977,0.018752,0.979621,0.000000,-1.254322,-0.590584,-3.626200,1.000000;;
         }

         ObjectMatrixComment object {
          1.000000,-0.000000,-0.000000,0.000000,0.000000,1.000000,0.000000,0.000000,0.000000,-0.000000,1.000000,0.000000,-0.000001,0.000000,0.000000,1.000000;;
         }

         Frame J_R_Sode_C01 {
          

          FrameTransformMatrix relative {
           1.000000,-0.000009,0.000000,0.000000,0.000009,1.000000,0.000048,0.000000,0.000000,-0.000048,1.000000,0.000000,-10.796966,0.000278,-0.000034,1.000000;;
          }

          ObjectMatrixComment object {
           1.000000,-0.000000,0.000000,0.000000,-0.000000,1.000000,-0.000000,0.000000,0.000000,-0.000000,1.000000,0.000000,-0.000002,0.000004,-0.000002,1.000000;;
          }
         }
        }

        Frame J_R_Sode_B00 {
         

         FrameTransformMatrix relative {
          0.944032,-0.326045,0.049975,0.000000,0.326487,0.945201,-0.000722,0.000000,-0.047001,0.016997,0.998750,0.000000,-1.070168,2.043182,-0.085138,1.000000;;
         }

         ObjectMatrixComment object {
          1.000000,0.000000,0.000000,0.000000,-0.000000,1.000000,0.000000,0.000000,-0.000000,0.000000,1.000000,0.000000,0.000000,0.000000,-0.000002,1.000000;;
         }

         Frame J_R_Sode_B01 {
          

          FrameTransformMatrix relative {
           1.000000,-0.000001,-0.000015,0.000000,0.000001,1.000000,0.000046,0.000000,0.000015,-0.000046,1.000000,0.000000,-11.148702,0.000114,0.000261,1.000000;;
          }

          ObjectMatrixComment object {
           1.000000,0.000000,-0.000000,0.000000,0.000000,1.000000,-0.000000,0.000000,0.000000,0.000000,1.000000,0.000000,0.000000,-0.000004,0.000000,1.000000;;
          }
         }
        }
       }

       Frame J_R_Arm_00_tw {
        

        FrameTransformMatrix relative {
         1.000000,0.000173,-0.000001,0.000000,-0.000173,0.999233,-0.039174,0.000000,-0.000006,0.039174,0.999232,0.000000,0.061837,0.002895,-0.000034,1.000000;;
        }

        ObjectMatrixComment object {
         1.000000,0.000000,0.000000,0.000000,0.000000,1.000000,0.000000,0.000000,0.000000,-0.000000,1.000000,0.000000,0.000001,0.000004,0.000000,1.000000;;
        }

        Frame J_R_Sode_E00 {
         

         FrameTransformMatrix relative {
          1.000000,0.000003,0.000000,0.000000,-0.000003,0.999990,0.004461,0.000000,0.000000,-0.004461,0.999990,0.000000,-2.375813,0.000111,0.000002,1.000000;;
         }

         ObjectMatrixComment object {
          1.000000,-0.000000,0.000000,0.000000,0.000000,1.000000,0.000000,0.000000,0.000000,0.000000,1.000000,0.000000,-0.000000,0.000000,0.000000,1.000000;;
         }
        }
       }
      }
     }

     Frame Character1_Neck {
      

      FrameTransformMatrix relative {
       0.926729,0.061414,-0.370677,0.000000,-0.190554,0.927085,-0.322804,0.000000,0.323825,0.369786,0.870860,0.000000,-0.000001,13.308441,-4.726717,1.000000;;
      }

      ObjectMatrixComment object {
       1.000000,-0.000000,-0.000000,0.000000,-0.000000,1.000000,0.000000,0.000000,-0.000000,0.000000,1.000000,0.000000,-0.000001,-0.000004,0.000000,1.000000;;
      }

      Frame Character1_Head {
       

       FrameTransformMatrix relative {
        1.000000,-0.000000,-0.000000,0.000000,-0.000000,1.000000,0.000000,0.000000,-0.000000,0.000000,1.000000,0.000000,-0.000000,3.046864,0.804217,1.000000;;
       }

       ObjectMatrixComment object {
        1.000000,-0.000000,-0.000000,0.000000,-0.000000,1.000000,0.000000,0.000000,-0.000000,0.000000,1.000000,0.000000,0.000001,0.000004,0.000000,1.000000;;
       }

       Frame J_L_HeadRibbon_00 {
        

        FrameTransformMatrix relative {
         0.866946,-0.327907,0.375342,0.000000,0.473746,0.776098,-0.416218,0.000000,-0.154821,0.538655,0.828179,0.000000,7.951542,31.364054,6.875422,1.000000;;
        }

        ObjectMatrixComment object {
         1.000000,0.000000,0.000000,0.000000,0.000000,1.000000,0.000000,0.000000,-0.000000,-0.000000,1.000000,0.000000,0.000001,-0.000008,0.000008,1.000000;;
        }

        Frame J_L_HeadRibbon_01 {
         

         FrameTransformMatrix relative {
          0.949003,0.024135,0.314341,0.000000,0.296520,-0.407021,-0.863950,0.000000,0.107092,0.913100,-0.393421,0.000000,0.000001,24.783677,0.000015,1.000000;;
         }

         ObjectMatrixComment object {
          1.000000,-0.000000,-0.000000,0.000000,0.000000,1.000000,-0.000000,0.000000,0.000000,0.000000,1.000000,0.000000,0.000000,0.000008,0.000000,1.000000;;
         }

         Frame J_L_HeadRibbon_02 {
          

          FrameTransformMatrix relative {
           0.990314,-0.016374,-0.137876,0.000000,0.138508,0.047367,0.989228,0.000000,-0.009667,-0.998743,0.049176,0.000000,0.000002,13.667938,-0.000015,1.000000;;
          }

          ObjectMatrixComment object {
           1.000000,-0.000000,-0.000000,0.000000,-0.000000,1.000000,0.000000,0.000000,0.000000,0.000000,1.000000,0.000000,0.000002,0.000008,0.000008,1.000000;;
          }

          Frame J_L_HeadRibbon_03 {
           

           FrameTransformMatrix relative {
            1.000000,-0.000000,-0.000000,0.000000,-0.000000,1.000000,0.000000,0.000000,0.000000,0.000000,1.000000,0.000000,0.000013,16.675667,0.000031,1.000000;;
           }

           ObjectMatrixComment object {
            1.000000,0.000000,-0.000000,0.000000,-0.000000,1.000000,0.000000,0.000000,0.000000,-0.000000,1.000000,0.000000,0.000000,0.000000,0.000008,1.000000;;
           }
          }
         }
        }
       }

       Frame J_R_HeadRibbon_00 {
        

        FrameTransformMatrix relative {
         0.800056,0.587099,0.123393,0.000000,-0.326094,0.598221,-0.731980,0.000000,-0.503561,0.545387,0.670059,0.000000,-7.951538,31.363955,6.875422,1.000000;;
        }

        ObjectMatrixComment object {
         1.000000,0.000000,0.000000,0.000000,0.000000,1.000000,0.000000,0.000000,-0.000000,0.000000,1.000000,0.000000,0.000008,0.000004,-0.000004,1.000000;;
        }

        Frame J_R_HeadRibbon_01 {
         

         FrameTransformMatrix relative {
          0.949003,-0.024136,-0.314341,0.000000,-0.296521,-0.407017,-0.863952,0.000000,-0.107090,0.913102,-0.393417,0.000000,0.000114,24.783776,0.000099,1.000000;;
         }

         ObjectMatrixComment object {
          1.000000,0.000000,0.000000,0.000000,0.000000,1.000000,-0.000000,0.000000,0.000000,0.000000,1.000000,0.000000,-0.000002,0.000008,0.000002,1.000000;;
         }

         Frame J_R_HeadRibbon_02 {
          

          FrameTransformMatrix relative {
           0.990314,0.016374,0.137877,0.000000,-0.138509,0.047371,0.989228,0.000000,0.009666,-0.998743,0.049180,0.000000,-0.000082,13.668061,-0.000132,1.000000;;
          }

          ObjectMatrixComment object {
           1.000000,0.000000,-0.000000,0.000000,0.000000,1.000000,-0.000000,0.000000,-0.000000,-0.000000,1.000000,0.000000,0.000004,0.000000,-0.000008,1.000000;;
          }

          Frame J_R_HeadRibbon_03 {
           

           FrameTransformMatrix relative {
            1.000000,-0.000001,-0.000002,0.000000,0.000001,1.000000,0.000002,0.000000,0.000002,-0.000002,1.000000,0.000000,0.000099,16.675778,0.000099,1.000000;;
           }

           ObjectMatrixComment object {
            1.000000,0.000000,0.000000,0.000000,-0.000000,1.000000,0.000000,0.000000,-0.000000,-0.000000,1.000000,0.000000,-0.000004,0.000000,0.000000,1.000000;;
           }
          }
         }
        }
       }

       Frame bone_eye_L {
        

        FrameTransformMatrix relative {
         1.000000,-0.000000,-0.000000,0.000000,-0.000000,1.000000,0.000000,0.000000,-0.000000,0.000000,1.000000,0.000000,2.689332,10.205608,-4.649828,1.000000;;
        }

        ObjectMatrixComment object {
         1.000000,-0.000000,-0.000000,0.000000,-0.000000,1.000000,0.000000,0.000000,-0.000000,0.000000,1.000000,0.000000,-0.000001,0.000000,0.000000,1.000000;;
        }
       }

       Frame bone_eye_R {
        

        FrameTransformMatrix relative {
         1.000000,-0.000000,-0.000000,0.000000,-0.000000,1.000000,0.000000,0.000000,-0.000000,0.000000,1.000000,0.000000,-2.689329,10.205593,-4.649831,1.000000;;
        }

        ObjectMatrixComment object {
         1.000000,-0.000000,-0.000000,0.000000,-0.000000,1.000000,0.000000,0.000000,-0.000000,0.000000,1.000000,0.000000,0.000000,0.000000,0.000000,1.000000;;
        }
       }

       Frame J_L_HairTail_00 {
        

        FrameTransformMatrix relative {
         0.727061,0.347905,0.591899,0.000000,-0.636551,0.664618,0.391262,0.000000,-0.257265,-0.661245,0.704677,0.000000,8.453450,7.472462,-12.091130,1.000000;;
        }

        ObjectMatrixComment object {
         1.000000,-0.000000,0.000000,0.000000,-0.000000,1.000000,0.000000,0.000000,0.000000,0.000000,1.000000,0.000000,0.000000,0.000000,0.000000,1.000000;;
        }

        Frame J_L_HairTail_01 {
         

         FrameTransformMatrix relative {
          1.000000,-0.000000,0.000000,0.000000,-0.000000,1.000000,0.000000,0.000000,0.000000,0.000000,1.000000,0.000000,-0.000004,-19.820915,0.000011,1.000000;;
         }

         ObjectMatrixComment object {
          1.000000,-0.000000,0.000000,0.000000,-0.000000,1.000000,0.000000,0.000000,0.000000,0.000000,1.000000,0.000000,-0.000004,-0.000002,0.000000,1.000000;;
         }

         Frame J_L_HairTail_02 {
          

          FrameTransformMatrix relative {
           1.000000,-0.000000,0.000000,0.000000,-0.000000,1.000000,0.000000,0.000000,0.000000,0.000000,1.000000,0.000000,-0.000004,-22.249168,-0.000015,1.000000;;
          }

          ObjectMatrixComment object {
           1.000000,-0.000000,0.000000,0.000000,-0.000000,1.000000,0.000000,0.000000,0.000000,0.000000,1.000000,0.000000,0.000000,-0.000001,0.000000,1.000000;;
          }

          Frame J_L_HairTail_03 {
           

           FrameTransformMatrix relative {
            1.000000,0.000000,0.000000,0.000000,-0.000000,1.000000,0.000000,0.000000,0.000000,0.000000,1.000000,0.000000,0.000000,-17.191942,-0.000004,1.000000;;
           }

           ObjectMatrixComment object {
            1.000000,-0.000000,0.000000,0.000000,0.000000,1.000000,0.000000,0.000000,0.000000,0.000000,1.000000,0.000000,0.000000,0.000000,0.000000,1.000000;;
           }
          }
         }
        }
       }

       Frame J_R_HairTail_00 {
        

        FrameTransformMatrix relative {
         0.952060,-0.036410,0.303736,0.000000,-0.201093,0.673734,0.711087,0.000000,-0.230528,-0.738077,0.634114,0.000000,-8.453456,7.472336,-12.091122,1.000000;;
        }

        ObjectMatrixComment object {
         1.000000,0.000000,-0.000000,0.000000,0.000000,1.000000,0.000000,0.000000,0.000000,-0.000000,1.000000,0.000000,0.000000,0.000004,0.000004,1.000000;;
        }

        Frame J_R_HairTail_01 {
         

         FrameTransformMatrix relative {
          1.000000,0.000000,-0.000000,0.000000,0.000000,1.000000,0.000000,0.000000,0.000000,-0.000000,1.000000,0.000000,0.000007,-19.820795,-0.000095,1.000000;;
         }

         ObjectMatrixComment object {
          1.000000,0.000000,-0.000000,0.000000,0.000000,1.000000,0.000000,0.000000,0.000000,-0.000000,1.000000,0.000000,-0.000000,0.000000,0.000004,1.000000;;
         }

         Frame J_R_HairTail_02 {
          

          FrameTransformMatrix relative {
           1.000000,0.000000,-0.000000,0.000000,0.000000,1.000000,0.000000,0.000000,0.000000,-0.000000,1.000000,0.000000,0.000042,-22.249262,0.000057,1.000000;;
          }

          ObjectMatrixComment object {
           1.000000,0.000000,-0.000000,0.000000,0.000000,1.000000,0.000000,0.000000,0.000000,-0.000000,1.000000,0.000000,-0.000000,0.000001,0.000000,1.000000;;
          }

          Frame J_R_HairTail_03 {
           

           FrameTransformMatrix relative {
            1.000000,-0.000000,-0.000000,0.000000,0.000000,1.000000,-0.000000,0.000000,0.000000,0.000000,1.000000,0.000000,0.000001,-17.191936,0.000008,1.000000;;
           }

           ObjectMatrixComment object {
            1.000000,0.000000,0.000000,0.000000,0.000000,1.000000,-0.000000,0.000000,0.000000,0.000000,1.000000,0.000000,-0.000002,-0.000002,-0.000004,1.000000;;
           }
          }
         }
        }
       }

       Frame J_L_HairSide_00 {
        

        FrameTransformMatrix relative {
         0.605948,-0.771250,-0.194939,0.000000,0.783434,0.621085,-0.022013,0.000000,0.138051,-0.139383,0.980568,0.000000,7.298516,27.946131,9.341251,1.000000;;
        }

        ObjectMatrixComment object {
         1.000000,0.000000,0.000000,0.000000,-0.000000,1.000000,0.000000,0.000000,0.000000,-0.000000,1.000000,0.000000,-0.000004,-0.000004,-0.000002,1.000000;;
        }

        Frame J_L_HairSide_01 {
         

         FrameTransformMatrix relative {
          0.761422,-0.633233,-0.138758,0.000000,0.640644,0.767747,0.011803,0.000000,0.099057,-0.097882,0.990256,0.000000,12.410919,-0.000034,-0.000006,1.000000;;
         }

         ObjectMatrixComment object {
          1.000000,0.000000,0.000000,0.000000,0.000000,1.000000,0.000000,0.000000,0.000000,-0.000000,1.000000,0.000000,0.000000,0.000000,-0.000001,1.000000;;
         }

         Frame J_L_HairSide_02 {
          

          FrameTransformMatrix relative {
           1.000000,-0.000000,-0.000000,0.000000,0.000000,1.000000,0.000000,0.000000,0.000000,-0.000000,1.000000,0.000000,17.118466,0.000025,0.000001,1.000000;;
          }

          ObjectMatrixComment object {
           1.000000,0.000000,0.000000,0.000000,-0.000000,1.000000,0.000000,0.000000,0.000000,0.000000,1.000000,0.000000,0.000000,-0.000002,-0.000000,1.000000;;
          }
         }
        }
       }

       Frame J_R_HairSide_00 {
        

        FrameTransformMatrix relative {
         0.605947,0.771250,0.194938,0.000000,-0.783435,0.621084,-0.022012,0.000000,-0.138050,-0.139383,0.980569,0.000000,-7.298514,27.946240,9.341255,1.000000;;
        }

        ObjectMatrixComment object {
         1.000000,0.000000,-0.000000,0.000000,0.000000,1.000000,0.000000,0.000000,0.000000,-0.000000,1.000000,0.000000,0.000000,0.000004,-0.000002,1.000000;;
        }

        Frame J_R_HairSide_01 {
         

         FrameTransformMatrix relative {
          0.761422,0.633232,0.138758,0.000000,-0.640644,0.767748,0.011803,0.000000,-0.099057,-0.097881,0.990256,0.000000,-12.411091,-0.000107,0.000016,1.000000;;
         }

         ObjectMatrixComment object {
          1.000000,0.000000,0.000000,0.000000,0.000000,1.000000,-0.000000,0.000000,-0.000000,0.000000,1.000000,0.000000,0.000000,-0.000001,0.000000,1.000000;;
         }

         Frame J_R_HairSide_02 {
          

          FrameTransformMatrix relative {
           1.000000,0.000000,0.000000,0.000000,-0.000000,1.000000,-0.000001,0.000000,-0.000000,0.000001,1.000000,0.000000,-17.118450,-0.000018,-0.000000,1.000000;;
          }

          ObjectMatrixComment object {
           1.000000,0.000000,0.000000,0.000000,0.000000,1.000000,-0.000000,0.000000,-0.000000,-0.000000,1.000000,0.000000,0.000008,0.000000,0.000001,1.000000;;
          }
         }
        }
       }

       Frame J_L_HairFront_00 {
        

        FrameTransformMatrix relative {
         0.999667,0.025135,0.005840,0.000000,-0.024696,0.997521,-0.065889,0.000000,-0.007482,0.065723,0.997810,0.000000,-0.047762,28.018032,10.220734,1.000000;;
        }

        ObjectMatrixComment object {
         1.000000,0.000000,-0.000000,0.000000,0.000000,1.000000,0.000000,0.000000,0.000000,-0.000000,1.000000,0.000000,0.000000,-0.000008,0.000000,1.000000;;
        }

        Frame J_L_HairFront_01 {
         

         FrameTransformMatrix relative {
          0.999667,-0.024697,-0.007482,0.000000,0.025806,0.956731,0.289826,0.000000,-0.000000,-0.289922,0.957050,0.000000,0.000000,-18.115318,0.000000,1.000000;;
         }

         ObjectMatrixComment object {
          1.000000,0.000000,0.000000,0.000000,0.000000,1.000000,0.000000,0.000000,0.000000,-0.000000,1.000000,0.000000,0.000000,0.000015,0.000000,1.000000;;
         }
        }
       }

       Frame J_R_HairFront_00 {
        

        FrameTransformMatrix relative {
         0.988937,-0.147478,0.015950,0.000000,0.148286,0.980023,-0.132541,0.000000,0.003916,0.133440,0.991049,0.000000,-1.439927,28.018038,9.940760,1.000000;;
        }

        ObjectMatrixComment object {
         1.000000,0.000000,-0.000000,0.000000,0.000000,1.000000,-0.000000,0.000000,0.000000,-0.000000,1.000000,0.000000,-0.000000,0.000000,0.000000,1.000000;;
        }

        Frame J_R_HairFront_01 {
         

         FrameTransformMatrix relative {
          0.999667,-0.024697,-0.007482,0.000000,0.025806,0.956732,0.289826,0.000000,-0.000000,-0.289923,0.957050,0.000000,0.000003,-18.115322,-0.000002,1.000000;;
         }

         ObjectMatrixComment object {
          1.000000,-0.000000,0.000000,0.000000,-0.000000,1.000000,0.000000,0.000000,-0.000000,-0.000000,1.000000,0.000000,-0.000002,0.000000,-0.000001,1.000000;;
         }
        }
       }

       Frame J_L_HairSide2_00 {
        

        FrameTransformMatrix relative {
         1.000000,-0.000000,-0.000000,0.000000,-0.000000,1.000000,0.000000,0.000000,-0.000000,0.000000,1.000000,0.000000,13.977990,14.276134,3.265358,1.000000;;
        }

        ObjectMatrixComment object {
         1.000000,-0.000000,-0.000000,0.000000,-0.000000,1.000000,0.000000,0.000000,-0.000000,0.000000,1.000000,0.000000,-0.000002,-0.000008,0.000000,1.000000;;
        }

        Frame J_L_HairSide2_01 {
         

         FrameTransformMatrix relative {
          1.000000,-0.000000,-0.000000,0.000000,-0.000000,1.000000,0.000000,0.000000,-0.000000,0.000000,1.000000,0.000000,0.000000,-7.184124,0.000001,1.000000;;
         }

         ObjectMatrixComment object {
          1.000000,-0.000000,-0.000000,0.000000,-0.000000,1.000000,0.000000,0.000000,-0.000000,0.000000,1.000000,0.000000,0.000000,0.000008,-0.000001,1.000000;;
         }
        }
       }

       Frame J_R_HairSide2_00 {
        

        FrameTransformMatrix relative {
         1.000000,-0.000000,-0.000000,0.000000,-0.000000,1.000000,0.000000,0.000000,-0.000000,0.000000,1.000000,0.000000,-13.977984,14.276082,3.265352,1.000000;;
        }

        ObjectMatrixComment object {
         1.000000,-0.000000,-0.000000,0.000000,-0.000000,1.000000,0.000000,0.000000,-0.000000,0.000000,1.000000,0.000000,-0.000000,0.000000,0.000000,1.000000;;
        }

        Frame J_R_HairSide2_01 {
         

         FrameTransformMatrix relative {
          1.000000,-0.000000,-0.000000,0.000000,-0.000000,1.000000,0.000000,0.000000,-0.000000,0.000000,1.000000,0.000000,0.000000,-7.184124,-0.000001,1.000000;;
         }

         ObjectMatrixComment object {
          1.000000,-0.000000,-0.000000,0.000000,-0.000000,1.000000,0.000000,0.000000,-0.000000,0.000000,1.000000,0.000000,0.000001,0.000000,0.000000,1.000000;;
         }
        }
       }

       Frame _face {
        

        FrameTransformMatrix relative {
         1.000000,-0.000000,-0.000000,0.000000,-0.000000,-0.000000,1.000000,0.000000,0.000000,-1.000000,-0.000000,0.000000,0.000001,-66.723738,-0.991810,1.000000;;
        }

        ObjectMatrixComment object {
         1.000000,-0.000000,0.000000,0.000000,-0.000000,1.000000,0.000000,0.000000,0.000000,0.000000,1.000000,0.000000,0.000000,0.000000,0.000000,1.000000;;
        }

        Mesh mesh__ {
         1217;
         1.372078;6.727701;-64.620646;,
         0.808553;7.487944;-64.588646;,
         1.633849;7.155458;-64.792026;,
         0.716593;7.070730;-64.426317;,
         -0.000001;8.015345;-64.661939;,
         0.383471;7.671987;-64.442368;,
         -0.000000;7.770773;-64.379629;,
         0.336690;7.904856;-64.695539;,
         9.048237;1.837605;-69.342080;,
         9.745216;3.525839;-69.461907;,
         10.166694;3.348329;-70.435386;,
         0.961720;10.774630;-70.300736;,
         0.437422;10.921860;-69.185088;,
         0.149720;11.357533;-70.591264;,
         0.000000;11.014082;-69.185280;,
         -0.000000;11.094778;-83.744749;,
         3.758478;10.601986;-83.717613;,
         3.254155;10.403255;-80.903622;,
         -0.000001;9.500416;-73.631885;,
         1.090006;9.084418;-73.497485;,
         -0.000000;9.650740;-72.771117;,
         9.765797;0.925200;-71.185517;,
         10.992653;3.034367;-72.376173;,
         11.061814;0.785585;-73.486163;,
         6.188412;7.441587;-71.427149;,
         5.109640;7.747645;-71.589798;,
         6.194827;7.312430;-71.699430;,
         1.696258;7.414026;-65.013613;,
         0.858388;7.696834;-64.809050;,
         7.431712;7.941801;-69.226477;,
         7.240864;7.720133;-68.079392;,
         5.972022;8.453266;-68.220384;,
         0.168714;11.215315;-70.975648;,
         0.000000;10.267182;-71.504486;,
         0.482778;10.219394;-71.360595;,
         -0.000000;11.270769;-71.028531;,
         10.600237;3.164172;-71.590688;,
         10.564590;5.058624;-72.062074;,
         9.220610;3.743236;-68.481568;,
         9.689781;5.476188;-69.401261;,
         -0.000000;11.398750;-70.593306;,
         4.758405;5.294414;-65.465421;,
         5.045020;6.112166;-65.675302;,
         6.310890;5.263963;-66.132973;,
         4.639727;8.065176;-66.732179;,
         4.227374;7.490690;-66.021792;,
         3.041593;8.004656;-66.301107;,
         5.787752;8.026140;-67.277344;,
         5.549014;7.407196;-66.491565;,
         7.001478;3.300155;-66.597197;,
         7.505960;4.628022;-66.708557;,
         8.452919;4.092132;-67.506528;,
         0.418274;8.792853;-66.217222;,
         -0.000001;8.765156;-66.386957;,
         0.393076;8.690781;-66.411597;,
         0.000000;8.904541;-66.180832;,
         0.151734;11.314608;-70.811814;,
         0.000000;11.383112;-70.818970;,
         3.037050;9.124398;-70.846080;,
         3.302849;9.676395;-69.806963;,
         1.990539;10.232351;-70.062669;,
         2.020468;10.400442;-69.068755;,
         3.230013;9.834402;-68.871507;,
         1.069502;10.772903;-69.167117;,
         0.427640;9.204038;-66.430982;,
         -0.000000;9.413479;-66.495827;,
         0.432329;9.334758;-66.530778;,
