xof 0303txt 0032
template Frame {
 <3d82ab46-62da-11cf-ab39-0020af71e433>
 [...]
}

template Matrix4x4 {
 <f6f23f45-7686-11cf-8f52-0040333594a3>
 array FLOAT matrix[16];
}

template FrameTransformMatrix {
 <f6f23f41-7686-11cf-8f52-0040333594a3>
 Matrix4x4 frameMatrix;
}

template ObjectMatrixComment {
 <95a48e28-7ef4-4419-a16a-ba9dbdf0d2bc>
 Matrix4x4 objectMatrix;
}

template Vector {
 <3d82ab5e-62da-11cf-ab39-0020af71e433>
 FLOAT x;
 FLOAT y;
 FLOAT z;
}

template MeshFace {
 <3d82ab5f-62da-11cf-ab39-0020af71e433>
 DWORD nFaceVertexIndices;
 array DWORD faceVertexIndices[nFaceVertexIndices];
}

template Mesh {
 <3d82ab44-62da-11cf-ab39-0020af71e433>
 DWORD nVertices;
 array Vector vertices[nVertices];
 DWORD nFaces;
 array MeshFace faces[nFaces];
 [...]
}

template MeshNormals {
 <f6f23f43-7686-11cf-8f52-0040333594a3>
 DWORD nNormals;
 array Vector normals[nNormals];
 DWORD nFaceNormals;
 array MeshFace faceNormals[nFaceNormals];
}

template Coords2d {
 <f6f23f44-7686-11cf-8f52-0040333594a3>
 FLOAT u;
 FLOAT v;
}

template MeshTextureCoords {
 <f6f23f40-7686-11cf-8f52-0040333594a3>
 DWORD nTextureCoords;
 array Coords2d textureCoords[nTextureCoords];
}

template ColorRGBA {
 <35ff44e0-6c7c-11cf-8f52-0040333594a3>
 FLOAT red;
 FLOAT green;
 FLOAT blue;
 FLOAT alpha;
}

template ColorRGB {
 <d3e16e81-7835-11cf-8f52-0040333594a3>
 FLOAT red;
 FLOAT green;
 FLOAT blue;
}

template Material {
 <3d82ab4d-62da-11cf-ab39-0020af71e433>
 ColorRGBA faceColor;
 FLOAT power;
 ColorRGB specularColor;
 ColorRGB emissiveColor;
 [...]
}

template MeshMaterialList {
 <f6f23f42-7686-11cf-8f52-0040333594a3>
 DWORD nMaterials;
 DWORD nFaceIndexes;
 array DWORD faceIndexes[nFaceIndexes];
 [Material <3d82ab4d-62da-11cf-ab39-0020af71e433>]
}

template TextureFilename {
 <a42790e1-7810-11cf-8f52-0040333594a3>
 STRING filename;
}

template XSkinMeshHeader {
 <3cf169ce-ff7c-44ab-93c0-f78f62d172e2>
 WORD nMaxSkinWeightsPerVertex;
 WORD nMaxSkinWeightsPerFace;
 WORD nBones;
}

template SkinWeights {
 <6f0d123b-bad2-4167-a0d0-80224f25fabb>
 STRING transformNodeName;
 DWORD nWeights;
 array DWORD vertexIndices[nWeights];
 array FLOAT weights[nWeights];
 Matrix4x4 matrixOffset;
}

template AnimTicksPerSecond {
 <9e415a43-7ba6-4a73-8743-b73d47e88476>
 DWORD AnimTicksPerSecond;
}

template Animation {
 <3d82ab4f-62da-11cf-ab39-0020af71e433>
 [...]
}

template AnimationSet {
 <3d82ab50-62da-11cf-ab39-0020af71e433>
 [Animation <3d82ab4f-62da-11cf-ab39-0020af71e433>]
}

template FloatKeys {
 <10dd46a9-775b-11cf-8f52-0040333594a3>
 DWORD nValues;
 array FLOAT values[nValues];
}

template TimedFloatKeys {
 <f406b180-7b3b-11cf-8f52-0040333594a3>
 DWORD time;
 FloatKeys tfkeys;
}

template AnimationKey {
 <10dd46a8-775b-11cf-8f52-0040333594a3>
 DWORD keyType;
 DWORD nKeys;
 array TimedFloatKeys keys[nKeys];
}


Frame Character1_Reference {
 

 FrameTransformMatrix relative {
  0.068737,0.000000,0.000000,0.000000,0.000000,0.068737,0.000000,0.000000,0.000000,0.000000,0.068737,0.000000,0.000000,0.000000,0.000000,1.000000;;
 }

 ObjectMatrixComment object {
  1.000000,0.000000,0.000000,0.000000,0.000000,1.000000,0.000000,0.000000,0.000000,0.000000,1.000000,0.000000,0.000000,0.000000,0.000000,1.000000;;
 }

 Frame center {
  

  FrameTransformMatrix relative {
   1.000000,0.000000,0.000000,0.000000,0.000000,1.000000,0.000000,0.000000,0.000000,0.000000,1.000000,0.000000,0.017419,39.705901,3.539706,1.000000;;
  }

  ObjectMatrixComment object {
   1.000000,0.000000,0.000000,0.000000,0.000000,1.000000,0.000000,0.000000,0.000000,0.000000,1.000000,0.000000,0.000000,0.000004,-0.000000,1.000000;;
  }

  Frame Character1_Spine {
   

   FrameTransformMatrix relative {
    1.000000,0.000000,0.000000,0.000000,0.000000,0.997545,-0.070032,0.000000,0.000000,0.070032,0.997545,0.000000,0.000000,0.075245,0.013465,1.000000;;
   }

   ObjectMatrixComment object {
    1.000000,0.000000,0.000000,0.000000,0.000000,1.000000,0.000000,0.000000,0.000000,0.000000,1.000000,0.000000,0.000000,0.000004,0.000000,1.000000;;
   }

   Frame Character1_Spine1 {
    

    FrameTransformMatrix relative {
     0.996092,0.087916,0.008434,0.000000,-0.086736,0.991764,-0.094237,0.000000,-0.016649,0.093137,0.995514,0.000000,0.000000,4.283535,0.000000,1.000000;;
    }

    ObjectMatrixComment object {
     1.000000,-0.000000,0.000000,0.000000,0.000000,1.000000,-0.000000,0.000000,0.000000,0.000000,1.000000,0.000000,0.000000,0.000000,0.000000,1.000000;;
    }

    Frame Character1_Spine2 {
     

     FrameTransformMatrix relative {
      0.999639,0.014935,0.022320,0.000000,-0.017843,0.990499,0.136359,0.000000,-0.020071,-0.136708,0.990408,0.000000,-0.000000,4.127567,-0.015314,1.000000;;
     }

     ObjectMatrixComment object {
      1.000000,-0.000000,0.000000,0.000000,-0.000000,1.000000,0.000000,0.000000,0.000000,0.000000,1.000000,0.000000,0.000000,-0.000004,0.000000,1.000000;;
     }

     Frame Character1_RightShoulder {
      

      FrameTransformMatrix relative {
       0.956371,0.291178,0.023862,0.000000,-0.291178,0.956662,-0.003552,0.000000,-0.023862,-0.003551,0.999709,0.000000,-2.673147,10.265473,-4.695331,1.000000;;
      }

      ObjectMatrixComment object {
       1.000000,-0.000000,0.000000,0.000000,-0.000000,1.000000,0.000000,0.000000,0.000000,0.000000,1.000000,0.000000,0.000002,0.000004,-0.000000,1.000000;;
      }

      Frame Character1_RightArm {
       

       FrameTransformMatrix relative {
        0.859625,0.510926,0.000576,0.000000,-0.510270,0.858462,0.051656,0.000000,0.025898,-0.044699,0.998665,0.000000,-4.694744,0.366837,0.030061,1.000000;;
       }

       ObjectMatrixComment object {
        1.000000,-0.000000,0.000000,0.000000,0.000000,1.000000,0.000000,0.000000,-0.000000,0.000000,1.000000,0.000000,0.000004,0.000000,0.000000,1.000000;;
       }

       Frame Character1_RightForeArm {
        

        FrameTransformMatrix relative {
         0.968248,-0.006682,-0.249902,0.000000,0.012996,0.999636,0.023626,0.000000,0.249653,-0.026123,0.967983,0.000000,-11.878668,-0.000050,-0.000000,1.000000;;
        }

        ObjectMatrixComment object {
         1.000000,0.000000,0.000000,0.000000,-0.000000,1.000000,-0.000000,0.000000,0.000000,0.000000,1.000000,0.000000,0.000000,0.000004,0.000000,1.000000;;
        }

        Frame Character1_RightHand {
         

         FrameTransformMatrix relative {
          0.949643,-0.313334,0.000748,0.000000,0.313200,0.949162,-0.031584,0.000000,0.009186,0.030228,0.999501,0.000000,-11.270632,-0.000084,0.000007,1.000000;;
         }

         ObjectMatrixComment object {
          1.000000,0.000000,0.000000,0.000000,0.000000,1.000000,0.000000,0.000000,0.000000,0.000000,1.000000,0.000000,0.000003,-0.000004,0.000001,1.000000;;
         }

         Frame Character1_RightHandThumb1 {
          

          FrameTransformMatrix relative {
           0.872228,0.056471,-0.485829,0.000000,0.489099,-0.102585,0.866175,0.000000,-0.000925,-0.993120,-0.117097,0.000000,-1.643688,-1.747295,1.568382,1.000000;;
          }

          ObjectMatrixComment object {
           1.000000,-0.000000,0.000000,0.000000,-0.000000,1.000000,0.000000,0.000000,-0.000000,-0.000000,1.000000,0.000000,0.000001,0.000001,0.000000,1.000000;;
          }

          Frame Character1_RightHandThumb2 {
           

           FrameTransformMatrix relative {
            0.964297,0.144047,-0.222220,0.000000,-0.147291,0.989091,0.001998,0.000000,0.220084,0.030804,0.974994,0.000000,-1.750157,-0.000049,-0.000019,1.000000;;
           }

           ObjectMatrixComment object {
            1.000000,-0.000000,0.000000,0.000000,-0.000000,1.000000,-0.000000,0.000000,0.000000,0.000000,1.000000,0.000000,0.000000,-0.000000,0.000000,1.000000;;
           }

           Frame Character1_RightHandThumb3 {
            

            FrameTransformMatrix relative {
             0.999273,0.038115,-0.000213,0.000000,-0.038106,0.998889,-0.027731,0.000000,-0.000844,0.027719,0.999616,0.000000,-1.031610,-0.000011,-0.000057,1.000000;;
            }

            ObjectMatrixComment object {
             1.000000,0.000000,0.000000,0.000000,0.000000,1.000000,0.000000,0.000000,0.000000,-0.000000,1.000000,0.000000,-0.000002,-0.000001,0.000004,1.000000;;
            }

            Frame Character1_RightHandThumb4 {
             

             FrameTransformMatrix relative {
              1.000000,0.000000,0.000000,0.000000,-0.000000,1.000000,0.000001,0.000000,-0.000000,-0.000001,1.000000,0.000000,-1.242894,0.000018,0.000065,1.000000;;
             }

             ObjectMatrixComment object {
              1.000000,0.000000,0.000000,0.000000,0.000000,1.000000,0.000000,0.000000,-0.000000,-0.000000,1.000000,0.000000,0.000002,-0.000000,-0.000004,1.000000;;
             }
            }
           }
          }
         }

         Frame Character1_RightHandIndex1 {
          

          FrameTransformMatrix relative {
           0.968259,0.243005,-0.058506,0.000000,-0.241856,0.969962,0.026074,0.000000,0.063085,-0.011096,0.997946,0.000000,-4.697760,0.259838,2.218206,1.000000;;
          }

          ObjectMatrixComment object {
           1.000000,0.000000,0.000000,0.000000,0.000000,1.000000,0.000000,0.000000,0.000000,-0.000000,1.000000,0.000000,0.000002,0.000000,0.000000,1.000000;;
          }

          Frame Character1_RightHandIndex2 {
           

           FrameTransformMatrix relative {
            0.999552,-0.026793,-0.013320,0.000000,0.026935,0.999581,0.010604,0.000000,0.013031,-0.010958,0.999855,0.000000,-1.422729,-0.000015,-0.000005,1.000000;;
           }

           ObjectMatrixComment object {
            1.000000,0.000000,0.000000,0.000000,-0.000000,1.000000,0.000000,0.000000,0.000000,0.000000,1.000000,0.000000,-0.000001,-0.000004,0.000000,1.000000;;
           }

           Frame Character1_RightHandIndex3 {
            

            FrameTransformMatrix relative {
             1.000000,0.000000,0.000000,0.000000,-0.000000,1.000000,0.000000,0.000000,0.000000,0.000000,1.000000,0.000000,-1.073609,-0.000019,0.000009,1.000000;;
            }

            ObjectMatrixComment object {
             1.000000,0.000000,-0.000000,0.000000,-0.000000,1.000000,0.000000,0.000000,-0.000000,0.000000,1.000000,0.000000,-0.000003,-0.000004,-0.000000,1.000000;;
            }
           }
          }
         }

         Frame Character1_RightHandMiddle1 {
          

          FrameTransformMatrix relative {
           0.915616,0.400125,-0.039342,0.000000,-0.399433,0.916436,0.024457,0.000000,0.045840,-0.006679,0.998926,0.000000,-5.140937,0.610691,0.634634,1.000000;;
          }

          ObjectMatrixComment object {
           1.000000,0.000000,0.000000,0.000000,0.000000,1.000000,-0.000000,0.000000,0.000000,0.000000,1.000000,0.000000,-0.000001,0.000004,0.000000,1.000000;;
          }

          Frame Character1_RightHandMiddle2 {
           

           FrameTransformMatrix relative {
            0.979658,0.199827,0.018428,0.000000,-0.199621,0.979794,-0.012429,0.000000,-0.020540,0.008497,0.999753,0.000000,-1.678075,0.000008,0.000004,1.000000;;
           }

           ObjectMatrixComment object {
            1.000000,0.000000,0.000000,0.000000,0.000000,1.000000,0.000000,0.000000,0.000000,0.000000,1.000000,0.000000,0.000000,-0.000004,0.000000,1.000000;;
           }

           Frame Character1_RightHandMiddle3 {
            

            FrameTransformMatrix relative {
             1.000000,-0.000002,-0.000000,0.000000,0.000002,1.000000,-0.000000,0.000000,0.000000,0.000000,1.000000,0.000000,-1.280769,-0.000095,-0.000006,1.000000;;
            }

            ObjectMatrixComment object {
             1.000000,0.000000,0.000000,0.000000,-0.000000,1.000000,0.000000,0.000000,0.000000,0.000000,1.000000,0.000000,0.000002,0.000000,0.000001,1.000000;;
            }
           }
          }
         }

         Frame Character1_RightHandRing1 {
          

          FrameTransformMatrix relative {
           0.868145,0.478994,-0.129963,0.000000,-0.496295,0.835725,-0.235063,0.000000,-0.003980,0.268568,0.963252,0.000000,-4.934019,0.412548,-0.888917,1.000000;;
          }

          ObjectMatrixComment object {
           1.000000,-0.000000,0.000000,0.000000,-0.000000,1.000000,0.000000,0.000000,-0.000000,-0.000000,1.000000,0.000000,-0.000002,0.000004,-0.000001,1.000000;;
          }

          Frame Character1_RightHandRing2 {
           

           FrameTransformMatrix relative {
            0.889360,0.457009,0.013444,0.000000,-0.456818,0.889432,-0.015099,0.000000,-0.018858,0.007287,0.999796,0.000000,-1.306175,0.000019,0.000000,1.000000;;
           }

           ObjectMatrixComment object {
            1.000000,-0.000000,-0.000000,0.000000,-0.000000,1.000000,-0.000000,0.000000,0.000000,-0.000000,1.000000,0.000000,0.000004,-0.000002,0.000001,1.000000;;
           }

           Frame Character1_RightHandRing3 {
            

            FrameTransformMatrix relative {
             1.000000,0.000000,-0.000000,0.000000,-0.000000,1.000000,0.000000,0.000000,0.000000,-0.000000,1.000000,0.000000,-1.000034,-0.000034,0.000001,1.000000;;
            }

            ObjectMatrixComment object {
             1.000000,-0.000000,0.000000,0.000000,-0.000000,1.000000,-0.000000,0.000000,0.000000,-0.000000,1.000000,0.000000,0.000000,-0.000002,0.000000,1.000000;;
            }
           }
          }
         }

         Frame Character1_RightHandPinky1 {
          

          FrameTransformMatrix relative {
           0.683917,0.581205,-0.440974,0.000000,-0.727624,0.499395,-0.470285,0.000000,-0.053111,0.642499,0.764444,0.000000,-4.635404,0.095016,-2.260199,1.000000;;
          }

          ObjectMatrixComment object {
           1.000000,-0.000000,-0.000000,0.000000,0.000000,1.000000,0.000000,0.000000,-0.000000,0.000000,1.000000,0.000000,0.000004,0.000002,0.000000,1.000000;;
          }

          Frame Character1_RightHandPinky2 {
           

           FrameTransformMatrix relative {
            0.911188,0.411915,0.007948,0.000000,-0.411826,0.911199,-0.010747,0.000000,-0.011669,0.006519,0.999911,0.000000,-0.959957,0.000120,-0.000010,1.000000;;
           }

           ObjectMatrixComment object {
            1.000000,-0.000000,0.000000,0.000000,0.000000,1.000000,0.000000,0.000000,0.000000,-0.000000,1.000000,0.000000,-0.000004,0.000001,0.000002,1.000000;;
           }

           Frame Character1_RightHandPinky3 {
            

            FrameTransformMatrix relative {
             1.000000,0.000001,-0.000000,0.000000,-0.000001,1.000000,-0.000001,0.000000,0.000000,0.000000,1.000000,0.000000,-0.759218,-0.000027,-0.000011,1.000000;;
            }

            ObjectMatrixComment object {
             1.000000,-0.000000,-0.000000,0.000000,0.000000,1.000000,0.000000,0.000000,0.000000,-0.000000,1.000000,0.000000,0.000000,-0.000002,-0.000004,1.000000;;
            }
           }
          }
         }
        }

        Frame J_R_Elbow {
         

         FrameTransformMatrix relative {
          0.992030,0.005752,0.125871,0.000000,-0.004167,0.999909,-0.012852,0.000000,-0.125933,0.012225,0.991963,0.000000,0.022064,-0.007984,-0.468901,1.000000;;
         }

         ObjectMatrixComment object {
          1.000000,-0.000000,-0.000000,0.000000,-0.000000,1.000000,0.000000,0.000000,0.000000,0.000000,1.000000,0.000000,0.000002,0.000000,-0.000000,1.000000;;
         }
        }

        Frame J_R_ForeArm_00_tw {
         

         FrameTransformMatrix relative {
          0.987329,-0.158680,-0.000887,0.000000,0.158647,0.987209,-0.015824,0.000000,0.003387,0.015483,0.999874,0.000000,-10.890932,-0.038052,-0.009292,1.000000;;
         }

         ObjectMatrixComment object {
          1.000000,-0.000000,-0.000000,0.000000,0.000000,1.000000,0.000000,0.000000,-0.000000,-0.000000,1.000000,0.000000,-0.000001,-0.000004,0.000000,1.000000;;
         }
        }

        Frame J_R_Sode_A00 {
         

         FrameTransformMatrix relative {
          0.977459,0.190246,-0.091541,0.000000,-0.189135,0.981732,0.020745,0.000000,0.093815,-0.002964,0.995585,0.000000,-1.625401,-0.456371,4.258906,1.000000;;
         }

         ObjectMatrixComment object {
          1.000000,-0.000000,0.000000,0.000000,0.000000,1.000000,-0.000000,0.000000,0.000000,-0.000000,1.000000,0.000000,0.000000,-0.000004,-0.000001,1.000000;;
         }

         Frame J_R_Sode_A01 {
          

          FrameTransformMatrix relative {
           1.000000,0.000009,-0.000000,0.000000,-0.000009,1.000000,0.000048,0.000000,0.000000,-0.000048,1.000000,0.000000,-10.319790,-0.000271,-0.000019,1.000000;;
          }

          ObjectMatrixComment object {
           1.000000,0.000000,0.000000,0.000000,-0.000000,1.000000,0.000000,0.000000,0.000000,0.000000,1.000000,0.000000,-0.000002,0.000004,0.000000,1.000000;;
          }
         }
        }

        Frame J_R_Sode_D00 {
         

         FrameTransformMatrix relative {
          0.945156,0.294083,0.142111,0.000000,-0.293708,0.955592,-0.024094,0.000000,-0.142886,-0.018967,0.989557,0.000000,-1.545740,-3.743225,-0.009039,1.000000;;
         }

         ObjectMatrixComment object {
          1.000000,0.000000,0.000000,0.000000,0.000000,1.000000,-0.000000,0.000000,0.000000,-0.000000,1.000000,0.000000,0.000000,0.000002,-0.000001,1.000000;;
         }

         Frame J_R_Sode_D01 {
          

          FrameTransformMatrix relative {
           1.000000,-0.000002,0.000010,0.000000,0.000002,1.000000,0.000047,0.000000,-0.000010,-0.000047,1.000000,0.000000,-10.183470,0.000126,-0.000297,1.000000;;
          }

          ObjectMatrixComment object {
           1.000000,0.000000,0.000000,0.000000,0.000000,1.000000,-0.000000,0.000000,0.000000,0.000000,1.000000,0.000000,0.000002,-0.000002,-0.000000,1.000000;;
          }
         }
        }

        Frame J_R_Sode_C00 {
         

         FrameTransformMatrix relative {
          0.948980,0.158098,0.272841,0.000000,-0.177349,0.983014,0.047235,0.000000,-0.260739,-0.093213,0.960899,0.000000,-1.254328,-0.590576,-3.626200,1.000000;;
         }

         ObjectMatrixComment object {
          1.000000,0.000000,0.000000,0.000000,0.000000,1.000000,0.000000,0.000000,-0.000000,0.000000,1.000000,0.000000,0.000006,-0.000008,0.000000,1.000000;;
         }

         Frame J_R_Sode_C01 {
          

          FrameTransformMatrix relative {
           1.000000,-0.000009,0.000000,0.000000,0.000009,1.000000,0.000048,0.000000,0.000000,-0.000048,1.000000,0.000000,-10.796965,0.000267,-0.000034,1.000000;;
          }

          ObjectMatrixComment object {
           1.000000,-0.000000,0.000000,0.000000,-0.000000,1.000000,0.000000,0.000000,0.000000,0.000000,1.000000,0.000000,-0.000004,0.000000,-0.000001,1.000000;;
          }
         }
        }

        Frame J_R_Sode_B00 {
         

         FrameTransformMatrix relative {
          0.992071,-0.125598,0.004493,0.000000,0.125642,0.992010,-0.011386,0.000000,-0.003027,0.011861,0.999925,0.000000,-1.070168,2.043194,-0.085137,1.000000;;
         }

         ObjectMatrixComment object {
          1.000000,0.000000,-0.000000,0.000000,0.000000,1.000000,0.000000,0.000000,0.000000,0.000000,1.000000,0.000000,0.000002,0.000000,0.000000,1.000000;;
         }

         Frame J_R_Sode_B01 {
          

          FrameTransformMatrix relative {
           1.000000,-0.000001,-0.000015,0.000000,0.000001,1.000000,0.000046,0.000000,0.000015,-0.000046,1.000000,0.000000,-11.148698,0.000118,0.000262,1.000000;;
          }

          ObjectMatrixComment object {
           1.000000,0.000000,0.000000,0.000000,-0.000000,1.000000,-0.000000,0.000000,0.000000,-0.000000,1.000000,0.000000,0.000002,0.000000,-0.000000,1.000000;;
          }
         }
        }
       }

       Frame J_R_Arm_00_tw {
        

        FrameTransformMatrix relative {
         1.000000,0.000174,-0.000001,0.000000,-0.000174,0.999337,-0.036412,0.000000,-0.000006,0.036412,0.999337,0.000000,0.061832,0.002903,-0.000034,1.000000;;
        }

        ObjectMatrixComment object {
         1.000000,-0.000000,0.000000,0.000000,0.000000,1.000000,0.000000,0.000000,0.000000,0.000000,1.000000,0.000000,0.000004,-0.000008,0.000000,1.000000;;
        }

        Frame J_R_Sode_E00 {
         

         FrameTransformMatrix relative {
          1.000000,0.000003,0.000000,0.000000,-0.000003,0.999990,0.004461,0.000000,0.000000,-0.004461,0.999990,0.000000,-2.375816,0.000099,0.000000,1.000000;;
         }

         ObjectMatrixComment object {
          1.000000,-0.000000,0.000000,0.000000,-0.000000,1.000000,0.000000,0.000000,0.000000,-0.000000,1.000000,0.000000,-0.000004,0.000000,0.000000,1.000000;;
         }
        }
       }
      }
     }

     Frame Character1_Neck {
      

      FrameTransformMatrix relative {
       0.984873,-0.173281,0.000000,0.000000,0.173242,0.984654,0.021077,0.000000,-0.003652,-0.020758,0.999778,0.000000,0.000000,13.308441,-4.726718,1.000000;;
      }

      ObjectMatrixComment object {
       1.000000,0.000000,0.000000,0.000000,-0.000000,1.000000,-0.000000,0.000000,0.000000,0.000000,1.000000,0.000000,0.000000,0.000004,0.000000,1.000000;;
      }

      Frame Character1_Head {
       

       FrameTransformMatrix relative {
        0.999865,-0.009647,0.013346,0.000000,0.008808,0.998066,0.061535,0.000000,-0.013914,-0.061409,0.998016,0.000000,0.000000,3.046860,0.804217,1.000000;;
       }

       ObjectMatrixComment object {
        1.000000,0.000000,0.000000,0.000000,-0.000000,1.000000,-0.000000,0.000000,0.000000,0.000000,1.000000,0.000000,-0.000000,0.000000,0.000000,1.000000;;
       }

       Frame J_L_HeadRibbon_00 {
        

        FrameTransformMatrix relative {
         0.834400,-0.548929,0.049529,0.000000,0.474210,0.669203,-0.572095,0.000000,0.280895,0.500843,0.818691,0.000000,7.951538,31.364061,6.875422,1.000000;;
        }

        ObjectMatrixComment object {
         1.000000,-0.000000,0.000000,0.000000,-0.000000,1.000000,-0.000000,0.000000,-0.000000,-0.000000,1.000000,0.000000,-0.000004,0.000004,-0.000004,1.000000;;
        }

        Frame J_L_HeadRibbon_01 {
         

         FrameTransformMatrix relative {
          0.949003,0.024135,0.314341,0.000000,0.301903,-0.356785,-0.884058,0.000000,0.090816,0.933875,-0.345876,0.000000,-0.000004,24.783696,0.000008,1.000000;;
         }

         ObjectMatrixComment object {
          1.000000,0.000000,0.000000,0.000000,0.000000,1.000000,0.000000,0.000000,0.000000,0.000000,1.000000,0.000000,-0.000004,0.000000,0.000008,1.000000;;
         }

         Frame J_L_HeadRibbon_02 {
          

          FrameTransformMatrix relative {
           0.990314,-0.016374,-0.137876,0.000000,0.138789,0.088742,0.986338,0.000000,-0.003915,-0.995920,0.090155,0.000000,0.000000,13.667938,-0.000015,1.000000;;
          }

          ObjectMatrixComment object {
           1.000000,0.000000,0.000000,0.000000,-0.000000,1.000000,0.000000,0.000000,0.000000,0.000000,1.000000,0.000000,0.000000,-0.000004,-0.000008,1.000000;;
          }

          Frame J_L_HeadRibbon_03 {
           

           FrameTransformMatrix relative {
            0.937638,-0.231908,-0.258946,0.000000,0.113670,0.908527,-0.402068,0.000000,0.328502,0.347560,0.878230,0.000000,0.000011,16.675662,0.000008,1.000000;;
           }

           ObjectMatrixComment object {
            1.000000,-0.000000,-0.000000,0.000000,0.000000,1.000000,-0.000000,0.000000,-0.000000,0.000000,1.000000,0.000000,-0.000008,0.000000,0.000008,1.000000;;
           }
          }
         }
        }
       }

       Frame J_R_HeadRibbon_00 {
        

        FrameTransformMatrix relative {
         0.834400,0.548930,-0.049529,0.000000,-0.474209,0.669203,-0.572096,0.000000,-0.280896,0.500844,0.818690,0.000000,-7.951541,31.363946,6.875422,1.000000;;
        }

        ObjectMatrixComment object {
         1.000000,-0.000000,-0.000000,0.000000,-0.000000,1.000000,0.000000,0.000000,0.000000,0.000000,1.000000,0.000000,0.000004,0.000000,-0.000008,1.000000;;
        }

        Frame J_R_HeadRibbon_01 {
         

         FrameTransformMatrix relative {
          0.949003,-0.024136,-0.314341,0.000000,-0.301904,-0.356780,-0.884060,0.000000,-0.090813,0.933877,-0.345872,0.000000,0.000111,24.783768,0.000092,1.000000;;
         }

         ObjectMatrixComment object {
          1.000000,0.000000,-0.000000,0.000000,-0.000000,1.000000,0.000000,0.000000,0.000000,0.000000,1.000000,0.000000,-0.000004,-0.000008,0.000000,1.000000;;
         }

         Frame J_R_HeadRibbon_02 {
          

          FrameTransformMatrix relative {
           0.990314,0.016374,0.137877,0.000000,-0.138790,0.088746,0.986337,0.000000,0.003915,-0.995920,0.090159,0.000000,-0.000082,13.668045,-0.000137,1.000000;;
          }

          ObjectMatrixComment object {
           1.000000,-0.000000,0.000000,0.000000,0.000000,1.000000,0.000000,0.000000,-0.000000,0.000000,1.000000,0.000000,-0.000002,0.000004,0.000000,1.000000;;
          }

          Frame J_R_HeadRibbon_03 {
           

           FrameTransformMatrix relative {
            1.000000,-0.000001,-0.000002,0.000000,0.000001,1.000000,0.000002,0.000000,0.000002,-0.000002,1.000000,0.000000,0.000099,16.675781,0.000107,1.000000;;
           }

           ObjectMatrixComment object {
            1.000000,-0.000000,0.000000,0.000000,0.000000,1.000000,0.000000,0.000000,-0.000000,0.000000,1.000000,0.000000,-0.000002,0.000000,0.000000,1.000000;;
           }
          }
         }
        }
       }

       Frame bone_eye_L {
        

        FrameTransformMatrix relative {
         1.000000,0.000000,0.000000,0.000000,-0.000000,1.000000,-0.000000,0.000000,0.000000,0.000000,1.000000,0.000000,2.689332,10.205620,-4.649829,1.000000;;
        }

        ObjectMatrixComment object {
         1.000000,0.000000,0.000000,0.000000,-0.000000,1.000000,-0.000000,0.000000,0.000000,0.000000,1.000000,0.000000,0.000000,0.000000,0.000000,1.000000;;
        }
       }

       Frame bone_eye_R {
        

        FrameTransformMatrix relative {
         1.000000,0.000000,0.000000,0.000000,-0.000000,1.000000,-0.000000,0.000000,0.000000,0.000000,1.000000,0.000000,-2.689330,10.205597,-4.649831,1.000000;;
        }

        ObjectMatrixComment object {
         1.000000,0.000000,0.000000,0.000000,-0.000000,1.000000,-0.000000,0.000000,0.000000,0.000000,1.000000,0.000000,0.000000,-0.000015,0.000000,1.000000;;
        }
       }

       Frame J_L_HairTail_00 {
        

        FrameTransformMatrix relative {
         0.920104,0.207389,0.332263,0.000000,-0.347334,0.824097,0.447462,0.000000,-0.181018,-0.527118,0.830289,0.000000,8.453446,7.472458,-12.091131,1.000000;;
        }

        ObjectMatrixComment object {
         1.000000,0.000000,0.000000,0.000000,-0.000000,1.000000,0.000000,0.000000,-0.000000,0.000000,1.000000,0.000000,0.000000,-0.000008,0.000008,1.000000;;
        }

        Frame J_L_HairTail_01 {
         

         FrameTransformMatrix relative {
          1.000000,0.000000,0.000000,0.000000,-0.000000,0.997418,-0.071810,0.000000,-0.000000,0.071810,0.997418,0.000000,-0.000003,-19.820918,0.000015,1.000000;;
         }

         ObjectMatrixComment object {
          1.000000,0.000000,0.000000,0.000000,0.000000,1.000000,0.000000,0.000000,-0.000000,0.000000,1.000000,0.000000,0.000002,0.000004,0.000004,1.000000;;
         }

         Frame J_L_HairTail_02 {
          

          FrameTransformMatrix relative {
           1.000000,0.000000,0.000000,0.000000,0.000000,0.999746,0.022548,0.000000,-0.000000,-0.022548,0.999746,0.000000,0.000002,-22.249168,-0.000008,1.000000;;
          }

          ObjectMatrixComment object {
           1.000000,0.000000,0.000000,0.000000,-0.000000,1.000000,-0.000000,0.000000,0.000000,0.000000,1.000000,0.000000,0.000001,-0.000002,0.000008,1.000000;;
          }

          Frame J_L_HairTail_03 {
           

           FrameTransformMatrix relative {
            1.000000,-0.000000,-0.000000,0.000000,-0.000000,1.000000,-0.000000,0.000000,0.000000,0.000000,1.000000,0.000000,0.000001,-17.191942,0.000000,1.000000;;
           }

           ObjectMatrixComment object {
            1.000000,-0.000000,0.000000,0.000000,0.000000,1.000000,0.000000,0.000000,0.000000,0.000000,1.000000,0.000000,-0.000001,-0.000001,0.000004,1.000000;;
           }
          }
         }
        }
       }

       Frame J_R_HairTail_00 {
        

        FrameTransformMatrix relative {
         0.920104,-0.207389,-0.332263,0.000000,0.347616,0.823276,0.448754,0.000000,0.180478,-0.528400,0.829591,0.000000,-8.453457,7.472336,-12.091123,1.000000;;
        }

        ObjectMatrixComment object {
         1.000000,0.000000,-0.000000,0.000000,-0.000000,1.000000,0.000000,0.000000,0.000000,-0.000000,1.000000,0.000000,0.000000,0.000004,0.000000,1.000000;;
        }

        Frame J_R_HairTail_01 {
         

         FrameTransformMatrix relative {
          1.000000,0.000000,-0.000000,0.000000,-0.000000,0.997913,-0.064574,0.000000,0.000000,0.064574,0.997913,0.000000,0.000006,-19.820797,-0.000099,1.000000;;
         }

         ObjectMatrixComment object {
          1.000000,0.000000,0.000000,0.000000,0.000000,1.000000,-0.000000,0.000000,0.000000,0.000000,1.000000,0.000000,0.000000,-0.000004,-0.000004,1.000000;;
         }

         Frame J_R_HairTail_02 {
          

          FrameTransformMatrix relative {
           1.000000,0.000000,0.000000,0.000000,0.000000,0.999346,0.036175,0.000000,0.000000,-0.036175,0.999346,0.000000,0.000042,-22.249272,0.000053,1.000000;;
          }

          ObjectMatrixComment object {
           1.000000,0.000000,0.000000,0.000000,0.000000,1.000000,-0.000000,0.000000,0.000000,0.000000,1.000000,0.000000,-0.000004,-0.000001,0.000000,1.000000;;
          }

          Frame J_R_HairTail_03 {
           

           FrameTransformMatrix relative {
            1.000000,-0.000000,-0.000000,0.000000,0.000000,1.000000,-0.000000,0.000000,0.000000,0.000000,1.000001,0.000000,0.000004,-17.191939,0.000011,1.000000;;
           }

           ObjectMatrixComment object {
            1.000000,-0.000000,0.000000,0.000000,-0.000000,1.000000,-0.000000,0.000000,0.000000,0.000000,1.000000,0.000000,0.000000,0.000000,-0.000004,1.000000;;
           }
          }
         }
        }
       }

       Frame J_L_HairSide_00 {
        

        FrameTransformMatrix relative {
         0.622679,-0.753701,-0.210250,0.000000,0.768123,0.640009,-0.019411,0.000000,0.149192,-0.149411,0.977455,0.000000,7.298514,27.946138,9.341250,1.000000;;
        }

        ObjectMatrixComment object {
         1.000000,-0.000000,0.000000,0.000000,0.000000,1.000000,0.000000,0.000000,0.000000,0.000000,1.000000,0.000000,0.000008,-0.000004,0.000000,1.000000;;
        }

        Frame J_L_HairSide_01 {
         

         FrameTransformMatrix relative {
          0.779198,-0.598974,-0.184607,0.000000,0.612100,0.790564,0.018523,0.000000,0.134849,-0.127431,0.982638,0.000000,12.410927,-0.000042,-0.000004,1.000000;;
         }

         ObjectMatrixComment object {
          1.000000,0.000000,0.000000,0.000000,0.000000,1.000000,0.000000,0.000000,-0.000000,0.000000,1.000000,0.000000,0.000000,-0.000001,-0.000006,1.000000;;
         }

         Frame J_L_HairSide_02 {
          

          FrameTransformMatrix relative {
           1.000000,-0.000000,0.000000,0.000000,0.000000,1.000000,0.000000,0.000000,0.000000,-0.000000,1.000000,0.000000,17.118458,0.000023,-0.000006,1.000000;;
          }

          ObjectMatrixComment object {
           1.000000,0.000000,0.000000,0.000000,-0.000000,1.000000,0.000000,0.000000,0.000000,0.000000,1.000000,0.000000,-0.000004,0.000001,0.000002,1.000000;;
          }
         }
        }
       }

       Frame J_R_HairSide_00 {
        

        FrameTransformMatrix relative {
         0.625333,0.752167,0.207855,0.000000,-0.766224,0.642290,-0.019070,0.000000,-0.147847,-0.147338,0.977974,0.000000,-7.298514,27.946250,9.341254,1.000000;;
        }

        ObjectMatrixComment object {
         1.000000,0.000000,0.000000,0.000000,0.000000,1.000000,0.000000,0.000000,0.000000,-0.000000,1.000000,0.000000,0.000000,0.000000,0.000000,1.000000;;
        }

        Frame J_R_HairSide_01 {
         

         FrameTransformMatrix relative {
          0.775274,0.607717,0.172136,0.000000,-0.619121,0.785120,0.016602,0.000000,-0.125058,-0.119445,0.984933,0.000000,-12.411091,-0.000099,0.000017,1.000000;;
         }

         ObjectMatrixComment object {
          1.000000,0.000000,-0.000000,0.000000,0.000000,1.000000,-0.000000,0.000000,0.000000,-0.000000,1.000000,0.000000,0.000015,0.000002,0.000000,1.000000;;
         }

         Frame J_R_HairSide_02 {
          

          FrameTransformMatrix relative {
           1.000000,0.000000,0.000000,0.000000,-0.000000,1.000000,-0.000001,0.000000,-0.000000,0.000001,1.000000,0.000000,-17.118443,-0.000013,0.000004,1.000000;;
          }

          ObjectMatrixComment object {
           1.000000,0.000000,-0.000000,0.000000,0.000000,1.000000,0.000000,0.000000,0.000000,0.000000,1.000000,0.000000,0.000004,0.000002,0.000000,1.000000;;
          }
         }
        }
       }

       Frame J_L_HairFront_00 {
        

        FrameTransformMatrix relative {
         0.996689,0.081285,0.001923,0.000000,-0.081058,0.995206,-0.054727,0.000000,-0.006362,0.054390,0.998500,0.000000,-0.047763,28.018035,10.220732,1.000000;;
        }

        ObjectMatrixComment object {
         1.000000,-0.000000,0.000000,0.000000,0.000000,1.000000,0.000000,0.000000,0.000000,0.000000,1.000000,0.000000,0.000000,0.000008,0.000001,1.000000;;
        }

        Frame J_L_HairFront_01 {
         

         FrameTransformMatrix relative {
          0.999667,-0.024697,-0.007482,0.000000,0.025806,0.956731,0.289826,0.000000,-0.000000,-0.289923,0.957050,0.000000,-0.000000,-18.115318,0.000001,1.000000;;
         }

         ObjectMatrixComment object {
          1.000000,0.000000,0.000000,0.000000,0.000000,1.000000,-0.000000,0.000000,0.000000,0.000000,1.000000,0.000000,0.000000,0.000000,0.000000,1.000000;;
         }
        }
       }

       Frame J_R_HairFront_00 {
        

        FrameTransformMatrix relative {
         0.992645,-0.120429,0.012338,0.000000,0.121048,0.985981,-0.114843,0.000000,0.001665,0.115492,0.993307,0.000000,-1.439928,28.018029,9.940758,1.000000;;
        }

        ObjectMatrixComment object {
         1.000000,-0.000000,0.000000,0.000000,-0.000000,1.000000,-0.000000,0.000000,0.000000,0.000000,1.000000,0.000000,0.000000,0.000000,0.000001,1.000000;;
        }

        Frame J_R_HairFront_01 {
         

         FrameTransformMatrix relative {
          0.999667,-0.024697,-0.007482,0.000000,0.025806,0.956732,0.289826,0.000000,-0.000000,-0.289923,0.957050,0.000000,0.000004,-18.115333,0.000003,1.000000;;
         }

         ObjectMatrixComment object {
          1.000000,-0.000000,-0.000000,0.000000,-0.000000,1.000000,0.000000,0.000000,0.000000,0.000000,1.000000,0.000000,-0.000002,0.000015,0.000002,1.000000;;
         }
        }
       }

       Frame J_L_HairSide2_00 {
        

        FrameTransformMatrix relative {
         1.000000,0.000000,0.000000,0.000000,-0.000000,1.000000,-0.000000,0.000000,0.000000,0.000000,1.000000,0.000000,13.977990,14.276138,3.265357,1.000000;;
        }

        ObjectMatrixComment object {
         1.000000,0.000000,0.000000,0.000000,-0.000000,1.000000,-0.000000,0.000000,0.000000,0.000000,1.000000,0.000000,-0.000000,0.000000,-0.000001,1.000000;;
        }

        Frame J_L_HairSide2_01 {
         

         FrameTransformMatrix relative {
          1.000000,0.000000,0.000000,0.000000,-0.000000,1.000000,-0.000000,0.000000,0.000000,0.000000,1.000000,0.000000,0.000000,-7.184120,-0.000000,1.000000;;
         }

         ObjectMatrixComment object {
          1.000000,0.000000,0.000000,0.000000,-0.000000,1.000000,-0.000000,0.000000,0.000000,0.000000,1.000000,0.000000,0.000000,0.000000,-0.000000,1.000000;;
         }
        }
       }

       Frame J_R_HairSide2_00 {
        

        FrameTransformMatrix relative {
         1.000000,0.000000,0.000000,0.000000,-0.000000,1.000000,-0.000000,0.000000,0.000000,0.000000,1.000000,0.000000,-13.977986,14.276085,3.265352,1.000000;;
        }

        ObjectMatrixComment object {
         1.000000,0.000000,0.000000,0.000000,-0.000000,1.000000,-0.000000,0.000000,0.000000,0.000000,1.000000,0.000000,0.000000,0.000008,-0.000000,1.000000;;
        }

        Frame J_R_HairSide2_01 {
         

         FrameTransformMatrix relative {
          1.000000,0.000000,0.000000,0.000000,-0.000000,1.000000,-0.000000,0.000000,0.000000,0.000000,1.000000,0.000000,0.000000,-7.184113,-0.000000,1.000000;;
         }

         ObjectMatrixComment object {
          1.000000,0.000000,0.000000,0.000000,-0.000000,1.000000,-0.000000,0.000000,0.000000,0.000000,1.000000,0.000000,0.000002,0.000000,-0.000000,1.000000;;
         }
        }
       }

       Frame _face {
        

        FrameTransformMatrix relative {
         1.000000,0.000000,0.000000,0.000000,0.000000,-0.000000,1.000000,0.000000,0.000000,-1.000000,-0.000000,0.000000,0.000000,-66.723738,-0.991810,1.000000;;
        }

        ObjectMatrixComment object {
         1.000000,-0.000000,-0.000000,0.000000,0.000000,1.000000,-0.000000,0.000000,0.000000,0.000000,1.000000,0.000000,0.000000,0.000000,0.000000,1.000000;;
        }

        Mesh mesh__ {
         1217;
         1.372078;6.727701;-64.620646;,
         1.633850;7.155458;-64.792032;,
         0.808553;7.487942;-64.588659;,
         0.716594;7.070728;-64.426330;,
         -0.000000;8.015344;-64.661939;,
         0.000000;7.770773;-64.379642;,
         0.383472;7.671987;-64.442362;,
         0.336690;7.904855;-64.695552;,
         9.048238;1.837604;-69.342080;,
         10.166694;3.348329;-70.435392;,
         9.745218;3.525839;-69.461901;,
         0.961721;10.774630;-70.300730;,
         0.149720;11.357533;-70.591258;,
         0.437423;10.921860;-69.185082;,
         0.000000;11.014082;-69.185280;,
         -0.000000;11.094776;-83.744762;,
         3.254157;10.403255;-80.903635;,
         3.758480;10.601985;-83.717613;,
         0.000001;9.500416;-73.631885;,
         0.000000;9.650740;-72.771117;,
         1.090008;9.084418;-73.497498;,
         9.765798;0.925201;-71.185523;,
         11.061814;0.785585;-73.486176;,
         10.992653;3.034367;-72.376192;,
         6.188414;7.441589;-71.427149;,
         6.194827;7.312430;-71.699443;,
         5.109640;7.747645;-71.589805;,
         1.696259;7.414026;-65.013619;,
         0.858387;7.696833;-64.809050;,
         7.431712;7.941800;-69.226483;,
         5.972023;8.453267;-68.220384;,
         7.240866;7.720133;-68.079398;,
         0.168713;11.215313;-70.975648;,
         0.482779;10.219394;-71.360595;,
         0.000000;10.267182;-71.504486;,
         0.000000;11.270767;-71.028531;,
         10.564591;5.058624;-72.062086;,
         10.600238;3.164172;-71.590701;,
         9.689783;5.476187;-69.401274;,
         9.220611;3.743237;-68.481568;,
         -0.000000;11.398750;-70.593312;,
         4.758406;5.294413;-65.465421;,
         6.310890;5.263961;-66.132979;,
         5.045022;6.112164;-65.675302;,
         4.639728;8.065175;-66.732173;,
         3.041596;8.004656;-66.301101;,
         4.227375;7.490690;-66.021792;,
         5.787754;8.026140;-67.277344;,
         5.549014;7.407195;-66.491565;,
         7.001478;3.300154;-66.597216;,
         8.452919;4.092132;-67.506547;,
         7.505963;4.628022;-66.708563;,
         0.418274;8.792853;-66.217216;,
         0.393076;8.690780;-66.411603;,
         0.000000;8.765155;-66.386963;,
         -0.000000;8.904539;-66.180838;,
         0.151735;11.314606;-70.811814;,
         0.000000;11.383112;-70.818976;,
         3.037050;9.124395;-70.846099;,
         1.990540;10.232354;-70.062669;,
         3.302849;9.676398;-69.806963;,
         2.020471;10.400442;-69.068755;,
         3.230013;9.834403;-68.871514;,
         1.069505;10.772903;-69.167123;,
         0.427641;9.204039;-66.430995;,
         0.432330;9.334760;-66.530778;,
         -0.000000;9.413479;-66.495827;,
         0.000000;9.266313;-66.398470;,
